time(s) roll yaw pitch frequence = 25
0.02 -3.496211 -8.094457 -4.452888
0.06 -3.496211 -8.094457 -4.452888
0.10 -3.496211 -8.094457 -4.452888
0.14 -3.496211 -8.094457 -4.452888
0.18 -3.496211 -8.094457 -4.452888
0.22 -3.496211 -8.094457 -4.452888
0.26 -3.491893 -8.100022 -4.424827
0.30 -3.456141 -8.141436 -4.182311
0.34 -3.361926 -8.249569 -3.557395
0.38 -3.232130 -8.400290 -2.726856
0.42 -3.120814 -8.531857 -2.026588
0.46 -3.072984 -8.595778 -1.730582
0.50 -3.090594 -8.590329 -1.849980
0.54 -3.127341 -8.560312 -2.074317
0.58 -3.146855 -8.543088 -2.185722
0.62 -3.151417 -8.534229 -2.182670
0.66 -3.154384 -8.509864 -2.068674
0.70 -3.153922 -8.457713 -1.813604
0.74 -3.119333 -8.338421 -1.358238
0.78 -3.016016 -8.115830 -0.712731
0.82 -2.821949 -7.850442 -0.071665
0.86 -2.544731 -7.616726 0.387249
0.90 -2.216120 -7.429145 0.573801
0.94 -1.762347 -7.230548 0.408447
0.98 -1.244911 -7.044517 -0.183509
1.02 -1.058986 -7.057692 -1.223765
1.06 -1.438441 -7.319080 -2.469444
1.10 -2.228491 -7.690804 -3.539235
1.14 -2.995808 -8.004320 -4.078134
1.18 -3.342383 -8.181640 -3.945203
1.22 -3.336439 -8.300356 -3.414628
1.26 -3.241440 -8.422782 -2.797285
1.30 -3.145766 -8.475228 -2.223283
1.34 -2.878267 -8.275221 -1.732105
1.38 -2.300845 -7.831556 -1.407690
1.42 -1.774359 -7.434756 -1.461166
1.46 -1.727994 -7.300273 -2.106844
1.50 -2.262783 -7.528975 -3.209671
1.54 -3.024567 -7.915615 -4.110044
1.58 -3.434898 -8.088951 -4.427056
1.62 -3.496211 -8.094457 -4.452888
1.66 -3.496211 -8.094457 -4.452888
1.70 -3.496211 -8.094457 -4.452888
1.74 -3.496211 -8.094457 -4.452888
1.78 -3.496211 -8.094457 -4.452888
1.82 -3.496211 -8.094457 -4.452888
1.86 -3.496211 -8.094457 -4.452888
1.90 -3.483257 -8.111152 -4.368704
1.94 -3.423159 -8.145628 -3.945312
1.98 -3.265152 -8.213885 -2.878508
2.02 -2.988224 -8.259767 -1.188057
2.06 -2.653550 -8.146318 0.542188
2.10 -2.356390 -7.961815 1.666545
2.14 -2.174448 -7.780524 2.094699
2.18 -2.116997 -7.590007 2.157207
2.22 -2.110175 -7.506623 2.173200
2.26 -1.997449 -7.551426 2.202953
2.30 -1.577474 -7.704426 2.093935
2.34 -0.807428 -7.752905 1.870232
2.38 0.131033 -7.193399 1.861656
2.42 0.916340 -5.829997 2.339282
2.46 1.323110 -3.929755 3.305433
2.50 1.439245 -2.075415 4.425243
2.54 1.496859 -1.236501 5.098850
2.58 1.624758 -1.789292 5.114951
2.62 1.797817 -2.934299 4.860454
2.66 1.939412 -3.871123 4.652230
2.70 2.010209 -4.339535 4.548118
2.74 2.025942 -4.443627 4.524982
2.78 2.025942 -4.443627 4.524982
2.82 2.025942 -4.443627 4.524982
2.86 2.025942 -4.443627 4.524982
2.90 2.025942 -4.443627 4.524982
2.94 2.025942 -4.443627 4.524982
2.98 2.025942 -4.443627 4.524982
3.02 2.025942 -4.443627 4.524982
3.06 2.025942 -4.443627 4.524982
3.10 2.010209 -4.339535 4.548118
3.14 1.939412 -3.871123 4.652230
3.18 1.790957 -2.904406 4.877581
3.22 1.587027 -1.624879 5.209151
3.26 1.400842 -0.493749 5.528702
3.30 1.309464 0.064342 5.684196
3.34 1.307452 0.108647 5.673078
3.38 1.345182 -0.055766 5.578878
3.42 1.372623 -0.175339 5.510369
3.46 1.348612 -0.070712 5.570314
3.50 1.293731 0.168434 5.707332
3.54 1.287466 0.124664 5.755260
3.58 1.400019 -0.596771 5.579185
3.62 1.615657 -1.891779 5.202243
3.66 1.843598 -3.275932 4.810728
3.70 1.986610 -4.183398 4.582822
3.74 2.025942 -4.443627 4.524982
3.78 2.025942 -4.443627 4.524982
3.82 2.025942 -4.443627 4.524982
3.86 2.025942 -4.443627 4.524982
3.90 2.023320 -4.426278 4.528838
3.94 2.008326 -4.328370 4.551473
3.98 1.963110 -4.039538 4.622659
4.02 1.869583 -3.454311 4.775448
4.06 1.724650 -2.565128 5.020257
4.10 1.549289 -1.510776 5.326238
4.14 1.385087 -0.540587 5.620501
4.18 1.279753 0.072398 5.813529
4.22 1.271310 0.128120 5.835431
4.26 1.373410 -0.472840 5.635836
4.30 1.569158 -1.717559 5.188195
4.34 1.817238 -3.457399 4.505779
4.38 2.061953 -5.422218 3.654832
4.42 2.256743 -7.264771 2.773674
4.46 2.380782 -8.699719 2.016939
4.50 2.441246 -9.611979 1.489703
4.54 2.462212 -10.063304 1.206249
4.58 2.465359 -10.225941 1.094552
4.62 2.464674 -10.259185 1.069644
4.66 2.464674 -10.259185 1.069644
4.70 2.464674 -10.259185 1.069644
4.74 2.464674 -10.259185 1.069644
4.78 2.464674 -10.259185 1.069644
4.82 2.464674 -10.259185 1.069644
4.86 2.464674 -10.259185 1.069644
4.90 2.324644 -10.123058 0.976385
4.94 2.044585 -9.850804 0.789868
4.98 1.834540 -9.646613 0.649980
5.02 1.624496 -9.442422 0.510092
