time(s) roll yaw pitch frequence = 25
0.02 -3.234179 -8.068216 -4.386849
0.06 -3.272392 -8.072043 -4.396479
0.10 -3.365195 -8.081337 -4.419868
0.14 -3.457998 -8.090630 -4.443257
0.18 -3.487575 -8.105587 -4.396766
0.22 -3.448712 -8.155670 -4.144216
0.26 -3.370985 -8.255837 -3.639117
0.30 -3.275985 -8.378264 -3.021774
0.34 -3.199906 -8.464894 -2.453343
0.38 -3.166316 -8.471662 -1.998133
0.42 -3.158537 -8.419812 -1.636276
0.46 -3.113402 -8.304749 -1.207981
0.50 -2.949123 -8.088581 -0.636239
0.54 -2.654549 -7.824874 -0.075894
0.58 -2.327243 -7.590645 0.348993
0.62 -2.076663 -7.437442 0.580443
0.66 -1.951071 -7.385508 0.632283
0.70 -1.921413 -7.381952 0.627066
0.74 -1.921413 -7.381952 0.627066
0.78 -1.921413 -7.381952 0.627066
0.82 -1.912809 -7.379167 0.621596
0.86 -1.755065 -7.272533 0.524805
0.90 -1.396405 -7.076049 0.095913
0.94 -1.228635 -7.060868 -0.902080
0.98 -1.570122 -7.286297 -2.270045
1.02 -2.309638 -7.633284 -3.469995
1.06 -3.061500 -7.957871 -4.181814
1.10 -3.434898 -8.088951 -4.427056
1.14 -3.496211 -8.094457 -4.452888
1.18 -3.496211 -8.094457 -4.452888
1.22 -3.496211 -8.094457 -4.452888
1.26 -3.496211 -8.094457 -4.452888
1.30 -3.496211 -8.094457 -4.452888
1.34 -3.496211 -8.094457 -4.452888
1.38 -3.496211 -8.094457 -4.452888
1.42 -3.483257 -8.111152 -4.368704
1.46 -3.435757 -8.172365 -4.060033
1.50 -3.353712 -8.278097 -3.526873
1.54 -3.260031 -8.389694 -2.858864
1.58 -3.161270 -8.403368 -2.092044
1.62 -3.033030 -8.239211 -1.244157
1.66 -2.837762 -7.958509 -0.405237
1.70 -2.559932 -7.669155 0.252951
1.74 -2.270304 -7.470545 0.588972
1.78 -2.059815 -7.398549 0.651411
1.82 -1.951071 -7.385508 0.632283
1.86 -1.921413 -7.381952 0.627066
1.90 -1.921413 -7.381952 0.627066
1.94 -1.921413 -7.381952 0.627066
1.98 -1.921413 -7.381952 0.627066
2.02 -1.897664 -7.368890 0.606825
2.06 -1.695716 -7.244158 0.465466
2.10 -1.225834 -7.042685 0.011616
2.14 -0.709517 -7.013012 -0.804631
2.18 -0.544276 -7.199815 -1.817619
2.22 -1.043447 -7.525502 -2.839502
2.26 -1.987235 -7.866140 -3.651588
2.30 -2.848003 -8.038419 -4.144212
2.34 -3.318107 -8.111452 -4.165858
2.38 -3.350249 -8.224022 -3.489395
2.42 -3.171129 -8.371085 -2.352771
2.46 -2.971322 -8.505808 -1.026402
2.50 -2.763437 -8.528259 0.276208
2.54 -2.553175 -8.375993 1.191676
2.58 -2.359583 -8.116329 1.791243
2.62 -2.211806 -7.815016 2.145561
2.66 -2.056556 -7.617217 2.211005
2.70 -1.695188 -7.663011 2.142950
2.74 -0.988546 -7.652848 2.000543
2.78 -0.081764 -6.913798 2.096568
2.82 0.691306 -5.091783 2.827638
2.86 1.097450 -2.554869 4.122509
2.90 1.190739 -0.387783 5.361352
2.94 1.222424 0.317738 5.846198
2.98 1.359269 -0.365901 5.656707
3.02 1.584192 -1.683596 5.248515
3.06 1.812133 -3.067749 4.857000
3.10 1.963011 -4.027260 4.617526
3.14 2.018075 -4.391581 4.536550
3.18 2.025942 -4.443627 4.524982
3.22 2.025942 -4.443627 4.524982
3.26 2.025942 -4.443627 4.524982
3.30 2.025942 -4.443627 4.524982
3.34 2.025942 -4.443627 4.524982
3.38 2.025942 -4.443627 4.524982
3.42 2.010209 -4.339535 4.548118
3.46 1.922262 -3.796390 4.695048
3.50 1.725786 -2.620420 5.040290
3.54 1.484125 -1.176480 5.466059
3.58 1.328399 -0.231381 5.733779
3.62 1.361282 -0.410206 5.667825
3.66 1.556751 -1.564023 5.317024
3.70 1.791552 -2.978069 4.908382
3.74 1.956151 -3.997367 4.634653
3.78 2.018075 -4.391581 4.536550
3.82 2.025942 -4.443627 4.524982
3.86 2.145737 -4.678296 4.519391
3.90 2.566508 -5.458103 4.495874
3.94 3.266082 -6.686273 4.450803
3.98 4.063277 -8.052335 4.396517
4.02 4.668206 -9.059541 4.352756
4.06 4.899686 -9.397421 4.331858
4.10 4.924835 -9.411127 4.327578
4.14 4.924835 -9.411127 4.327578
4.18 4.924835 -9.411127 4.327578
4.22 4.911477 -9.404307 4.320592
4.26 4.776664 -9.363035 4.233338
4.30 4.370690 -9.335129 3.869818
4.34 3.740322 -9.430390 3.150349
4.38 3.107308 -9.652287 2.297594
4.42 2.672405 -9.943221 1.583061
4.46 2.494671 -10.180080 1.177354
4.50 2.468847 -10.206653 0.996824
4.54 2.515809 -10.029821 0.754829
4.58 2.652438 -9.772431 0.389434
4.62 2.848191 -9.528788 0.011321
4.66 3.022708 -9.361877 -0.258297
4.70 3.121227 -9.298381 -0.351716
4.74 3.147140 -9.291247 -0.357412
4.78 3.147140 -9.291247 -0.357412
4.82 3.152851 -9.210836 -0.374575
4.86 3.244881 -9.018586 -0.121366
4.90 3.526255 -8.871346 0.775899
4.94 3.952209 -8.864681 2.044513
4.98 4.401617 -9.025493 3.252034
5.02 4.747331 -9.270642 4.076986
5.06 4.801783 -9.364213 4.304457
5.10 4.516851 -9.269183 4.220478
5.14 4.166750 -9.148083 4.151679
5.18 4.025320 -9.110350 4.157433
5.22 4.163495 -9.165737 4.212552
5.26 4.520866 -9.280976 4.275459
5.30 4.830694 -9.379896 4.316540
5.34 4.924835 -9.411127 4.327578
5.38 4.924835 -9.411127 4.327578
5.42 4.924835 -9.411127 4.327578
5.46 4.924835 -9.411127 4.327578
5.50 4.835981 -9.384798 4.271705
5.54 4.544512 -9.296349 4.110844
5.58 4.194150 -9.190659 3.948663
5.62 4.031290 -9.144190 3.895610
5.66 4.142781 -9.177373 3.980068
5.70 4.471998 -9.275576 4.165372
5.74 4.784612 -9.371512 4.303110
5.78 4.909723 -9.408227 4.331720
5.82 4.924835 -9.411127 4.327578
5.86 4.924835 -9.411127 4.327578
5.90 4.856290 -9.380949 4.303775
5.94 4.705841 -9.313775 4.249183
5.98 4.623938 -9.276778 4.218394
6.02 4.650654 -9.290416 4.232366
6.06 4.657062 -9.307904 4.214268
6.10 4.486309 -9.270698 4.103518
6.14 4.104121 -9.157648 3.966324
6.18 3.650609 -9.021756 3.860584
6.22 3.245971 -8.962983 3.611244
6.26 2.974603 -8.977052 2.907801
6.30 2.936779 -8.938885 2.012398
6.34 3.181171 -8.877151 1.637323
6.38 3.685023 -8.882147 2.050417
6.42 4.280073 -9.002952 3.063056
6.46 4.707648 -9.224839 3.998082
6.50 4.859101 -9.368612 4.318227
6.54 4.729973 -9.346116 4.305388
6.58 4.366570 -9.226292 4.261463
6.62 4.025058 -9.113638 4.220268
6.66 4.003167 -9.106467 4.217537
6.70 4.272429 -9.195061 4.250424
6.74 4.469440 -9.259595 4.275005
6.78 4.300900 -9.204781 4.253269
6.82 3.928768 -9.082884 4.206840
6.86 3.720350 -9.009333 4.170905
6.90 3.806790 -9.025429 4.155092
6.94 4.105550 -9.110680 4.166478
6.98 4.429076 -9.211767 4.196204
7.02 4.648900 -9.294336 4.243493
7.06 4.799349 -9.361510 4.298086
7.10 4.896365 -9.401407 4.324734
7.14 4.924835 -9.411127 4.327578
7.18 4.924835 -9.411127 4.327578
7.22 4.924835 -9.411127 4.327578
7.26 4.924835 -9.411127 4.327578
7.30 4.892603 -9.399430 4.308370
7.34 4.704376 -9.349935 4.174044
7.38 4.241091 -9.315797 3.726246
7.42 3.616763 -9.359336 2.837104
7.46 3.104219 -9.408437 1.683347
7.50 2.881778 -9.417775 0.638433
7.54 2.945449 -9.386730 -0.031252
7.58 3.102529 -9.287903 -0.313183
7.62 3.207111 -9.095336 -0.235960
7.66 3.362350 -8.865087 0.325044
7.70 3.693688 -8.770421 1.401429
7.74 4.153479 -8.874190 2.741788
7.78 4.591168 -9.111461 3.811370
7.82 4.854055 -9.333387 4.260320
7.86 4.924835 -9.411127 4.327578
7.90 4.924835 -9.411127 4.327578
7.94 4.924835 -9.411127 4.327578
7.98 4.825462 -9.387960 4.249125
8.02 4.468598 -9.354197 3.833615
8.06 3.916841 -9.278868 2.887256
8.10 3.464462 -9.085813 1.904141
8.14 3.417847 -8.907572 1.672935
8.18 3.766639 -8.866925 2.235830
8.22 4.112431 -8.957055 3.122497
8.26 4.122422 -9.083578 3.770534
8.30 3.845475 -9.075866 3.923217
8.34 3.661746 -9.017587 3.939078
8.38 3.848733 -9.070279 4.072423
8.42 4.272748 -9.199868 4.219449
8.46 4.664303 -9.324605 4.297195
8.50 4.874475 -9.394237 4.322002
8.54 4.924835 -9.411127 4.327578
8.58 4.924835 -9.411127 4.327578
8.62 4.892603 -9.399430 4.308370
8.66 4.733768 -9.351650 4.208846
8.70 4.402051 -9.257682 4.008815
8.74 4.071080 -9.163398 3.834638
8.78 3.984978 -9.142650 3.832109
8.82 4.189085 -9.204138 3.988804
8.86 4.551027 -9.303907 4.180552
8.90 4.836727 -9.384482 4.297559
8.94 4.841129 -9.386428 4.271754
8.98 4.516167 -9.376089 3.962357
9.02 3.929063 -9.479163 3.272567
9.06 3.232053 -9.656151 2.351239
9.10 2.725172 -9.803593 1.417353
9.14 2.627779 -9.810718 0.659412
9.18 2.779944 -9.625582 0.154026
9.22 2.963449 -9.411932 -0.165594
9.26 3.100128 -9.311310 -0.323203
9.30 3.158072 -9.255741 -0.365230
9.34 3.205034 -9.087052 -0.246886
9.38 3.333967 -8.810341 0.281618
9.42 3.621923 -8.631413 1.310852
9.46 4.062560 -8.689097 2.625635
9.50 4.496330 -8.967030 3.735999
9.54 4.779527 -9.267797 4.247305
9.58 4.899686 -9.397421 4.331858
9.62 4.924835 -9.411127 4.327578
9.66 4.924835 -9.411127 4.327578
9.70 4.924835 -9.411127 4.327578
9.74 4.924835 -9.411127 4.327578
9.78 4.924835 -9.411127 4.327578
9.82 4.911477 -9.404307 4.320592
9.86 4.733205 -9.384252 4.146541
9.90 4.271622 -9.340310 3.520374
9.94 3.717220 -9.197953 2.516170
9.98 3.379527 -8.986281 1.736130
10.02 3.509471 -8.886679 1.785513
10.06 3.971331 -8.927375 2.606453
10.10 4.290551 -9.051158 3.478379
10.14 4.234112 -9.159418 3.821715
10.18 3.943788 -9.135725 3.760326
10.22 3.793770 -9.089547 3.738476
10.26 3.993598 -9.142530 3.903025
10.30 4.393486 -9.253774 4.125976
10.34 4.739021 -9.352996 4.276916
10.38 4.864133 -9.389711 4.305526
10.42 4.733768 -9.351650 4.208846
10.46 4.380677 -9.257040 3.981867
10.50 3.971710 -9.147482 3.744076
10.54 3.805835 -9.098719 3.700514
10.58 4.005663 -9.151702 3.865063
10.62 4.402534 -9.260653 4.097504
10.66 4.742037 -9.355289 4.267426
10.70 4.896365 -9.401407 4.324734
10.74 4.924835 -9.411127 4.327578
10.78 4.924835 -9.411127 4.327578
10.82 4.892603 -9.399430 4.308370
10.86 4.666893 -9.377644 4.104866
10.90 4.125810 -9.414040 3.527464
10.94 3.439932 -9.577134 2.686394
10.98 2.860821 -9.838296 1.858460
11.02 2.536691 -10.088346 1.296271
11.06 2.459037 -10.226514 1.091847
11.10 2.464674 -10.259185 1.069644
11.14 2.464674 -10.259185 1.069644
11.18 2.464674 -10.259185 1.069644
11.22 2.464674 -10.259185 1.069644
11.26 2.464674 -10.259185 1.069644
11.30 2.464674 -10.259185 1.069644
11.34 2.464674 -10.259185 1.069644
11.38 1.120178 -9.705312 -0.243124
11.42 -0.224318 -9.151438 -1.555892
