time(s) roll yaw pitch frequence = 25
0.02 -3.234179 -8.068216 -4.386849
0.06 -3.272392 -8.072043 -4.396479
0.10 -3.365195 -8.081337 -4.419868
0.14 -3.457998 -8.090630 -4.443257
0.18 -3.496211 -8.094457 -4.452888
0.22 -3.496211 -8.094457 -4.452888
0.26 -3.496211 -8.094457 -4.452888
0.30 -3.496211 -8.094457 -4.452888
0.34 -3.496211 -8.094457 -4.452888
0.38 -3.496211 -8.094457 -4.452888
0.42 -3.496211 -8.094457 -4.452888
0.46 -3.496211 -8.094457 -4.452888
0.50 -3.496211 -8.094457 -4.452888
0.54 -3.496211 -8.094457 -4.452888
0.58 -3.496211 -8.094457 -4.452888
0.62 -3.496211 -8.094457 -4.452888
0.66 -3.472999 -8.121296 -4.288776
0.70 -3.385644 -8.216378 -3.703711
0.74 -3.234113 -8.362687 -2.736840
0.78 -3.076459 -8.502822 -1.750933
0.82 -2.962008 -8.553266 -1.086342
0.86 -2.724307 -8.340525 -0.803225
0.90 -2.193475 -7.868217 -0.878574
0.94 -1.633581 -7.435858 -1.277606
0.98 -1.458551 -7.275208 -2.028289
1.02 -1.870121 -7.477804 -3.089291
1.06 -2.640480 -7.853455 -3.970406
1.10 -3.233301 -8.056914 -4.354829
1.14 -3.457998 -8.090630 -4.443257
1.18 -3.496211 -8.094457 -4.452888
1.22 -3.496211 -8.094457 -4.452888
1.26 -3.496211 -8.094457 -4.452888
1.30 -3.496211 -8.094457 -4.452888
1.34 -3.496211 -8.094457 -4.452888
1.38 -3.496211 -8.094457 -4.452888
1.42 -3.496211 -8.094457 -4.452888
1.46 -3.459088 -8.078396 -4.120163
1.50 -3.295366 -8.101369 -2.980716
1.54 -2.877510 -8.210395 -1.238268
1.58 -2.094676 -8.297912 0.434930
1.62 -1.025157 -7.951352 1.564919
1.66 0.039637 -6.586549 2.313510
1.70 0.788005 -4.302263 3.258141
1.74 1.111680 -1.819145 4.530447
1.78 1.160606 0.039240 5.611777
1.82 1.151951 0.732187 6.029617
1.86 1.183969 0.646726 5.981368
1.90 1.228560 0.452420 5.870041
1.94 1.262861 0.302954 5.784405
1.98 1.293731 0.168434 5.707332
2.02 1.324602 0.033914 5.630260
2.06 1.352042 -0.085659 5.561751
2.10 1.341752 -0.040819 5.587441
2.14 1.280011 0.228220 5.741587
2.18 1.204550 0.557046 5.929986
2.22 1.300000 0.243815 5.937533
2.26 1.818751 -1.438843 5.622534
2.30 2.730610 -4.078752 5.137035
2.34 3.746874 -6.754769 4.697243
2.38 4.492701 -8.625464 4.420713
2.42 4.668587 -9.270317 4.312136
2.46 4.322054 -9.244605 4.157578
2.50 3.724861 -9.193248 3.667850
2.54 3.161408 -9.249668 2.743438
2.58 2.862420 -9.344935 1.555221
2.62 2.842977 -9.392277 0.496107
2.66 2.974582 -9.307728 -0.140650
2.70 3.167242 -9.091991 -0.164147
2.74 3.435951 -8.896694 0.549972
2.78 3.844749 -8.845154 1.731908
2.82 4.327086 -8.982889 3.028847
2.86 4.707648 -9.224839 3.998082
2.90 4.887571 -9.378332 4.321071
2.94 4.924835 -9.411127 4.327578
2.98 4.924835 -9.411127 4.327578
3.02 4.924835 -9.411127 4.327578
3.06 4.924835 -9.411127 4.327578
3.10 4.924835 -9.411127 4.327578
3.14 4.900360 -9.402825 4.320728
3.18 4.839099 -9.381876 4.305871
3.22 4.686294 -9.329994 4.272495
3.26 4.458830 -9.253743 4.228396
3.30 4.233425 -9.179229 4.191625
3.34 4.116777 -9.141847 4.180438
3.38 4.169744 -9.160916 4.200302
3.42 4.364730 -9.226332 4.240703
3.46 4.601707 -9.304761 4.281567
3.50 4.787775 -9.365858 4.309894
3.54 4.885387 -9.397535 4.322242
3.58 4.890558 -9.400610 4.306462
3.62 4.793517 -9.391517 4.217185
3.66 4.563100 -9.398423 3.983664
3.70 4.181270 -9.451768 3.555266
3.74 3.697005 -9.574756 2.957161
3.78 3.213065 -9.754886 2.302767
3.82 2.831461 -9.949390 1.735005
3.86 2.600478 -10.109197 1.350085
3.90 2.497008 -10.205984 1.153185
3.94 2.467694 -10.248581 1.082845
3.98 2.464674 -10.259185 1.069644
4.02 2.464674 -10.259185 1.069644
4.06 2.464674 -10.259185 1.069644
4.10 2.464674 -10.259185 1.069644
4.14 2.464674 -10.259185 1.069644
4.18 2.250206 -10.176673 0.998180
4.22 1.821270 -10.011649 0.855251
4.26 1.499568 -9.887881 0.748055
4.30 1.177867 -9.764113 0.640859
