time(s) roll yaw pitch frequence = 25
0.02 -1.918120 -7.958158 -3.699305
0.06 -2.148259 -7.978035 -3.809202
0.10 -2.688059 -8.024394 -4.071281
0.14 -3.199372 -8.070892 -4.131529
0.18 -3.213420 -7.992991 -3.584238
0.22 -2.609141 -7.697740 -2.652672
0.26 -1.917891 -7.376187 -1.975810
0.30 -1.711178 -7.269642 -2.103987
0.34 -2.097343 -7.458667 -2.985561
0.38 -2.792958 -7.809540 -3.887515
0.42 -3.324932 -8.050182 -4.276018
0.46 -3.414172 -8.146777 -3.809017
0.50 -3.124769 -8.200702 -2.243800
0.54 -2.468150 -8.222709 -0.245491
0.58 -1.472353 -8.036329 1.217763
0.62 -0.366369 -7.115235 2.110386
0.66 0.569659 -5.266498 2.891626
0.70 1.144732 -3.061623 3.858457
0.74 1.344023 -1.226622 4.867388
0.78 1.324157 -0.140294 5.523216
0.82 1.249140 0.362740 5.818659
0.86 1.180539 0.661673 5.989932
0.90 1.135948 0.855979 6.101259
0.94 1.122228 0.915766 6.135513
0.98 1.122228 0.915766 6.135513
1.02 1.122228 0.915766 6.135513
1.06 1.122228 0.915766 6.135513
1.10 1.139378 0.841033 6.092695
1.14 1.194259 0.601886 5.955677
1.18 1.259431 0.317900 5.792968
1.22 1.290301 0.183381 5.715896
1.26 1.269721 0.273060 5.767277
1.30 1.237433 0.378222 5.864032
1.34 1.294510 -0.030404 5.794174
1.38 1.480695 -1.161534 5.474623
1.42 1.725786 -2.620420 5.040290
1.46 1.922262 -3.796390 4.695048
1.50 2.010209 -4.339535 4.548118
1.54 2.025942 -4.443627 4.524982
1.58 2.025942 -4.443627 4.524982
1.62 2.025942 -4.443627 4.524982
1.66 2.025942 -4.443627 4.524982
1.70 2.010209 -4.339535 4.548118
1.74 1.925692 -3.811337 4.686484
1.78 1.739506 -2.680206 5.006036
1.82 1.497845 -1.236267 5.431805
1.86 1.297940 -0.045350 5.785611
1.90 1.220282 0.452955 5.906850
1.94 1.231990 0.437473 5.861477
1.98 1.249140 0.362740 5.818659
2.02 1.256001 0.332847 5.801532
2.06 1.259431 0.317900 5.792968
2.10 1.276581 0.243167 5.750150
2.14 1.314312 0.078754 5.655950
2.18 1.338322 -0.025872 5.596005
2.22 1.426394 -0.367225 5.517828
2.26 1.706740 -1.554882 5.294767
2.30 2.146781 -3.592793 4.956886
2.34 2.672654 -5.957906 4.593367
2.38 3.229830 -7.890104 4.317745
2.42 3.764190 -8.873983 4.219543
2.46 4.263700 -9.192989 4.247921
2.50 4.664303 -9.324605 4.297195
2.54 4.874475 -9.394237 4.322002
2.58 4.924835 -9.411127 4.327578
2.62 4.924835 -9.411127 4.327578
2.66 4.924835 -9.411127 4.327578
2.70 4.924835 -9.411127 4.327578
2.74 4.924835 -9.411127 4.327578
2.78 4.924835 -9.411127 4.327578
2.82 4.830694 -9.379896 4.316540
2.86 4.522620 -9.277056 4.264331
2.90 4.020965 -9.185050 4.015865
2.94 3.414202 -9.243503 3.413108
2.98 2.894811 -9.484532 2.586181
3.02 2.604247 -9.797106 1.727756
3.06 2.519504 -9.948033 0.991939
3.10 2.622601 -9.829422 0.480987
3.14 2.814067 -9.577185 0.082673
3.18 2.993933 -9.319580 -0.244870
3.22 3.164579 -9.036329 -0.218626
3.26 3.352992 -8.714123 0.422754
3.30 3.639726 -8.496164 1.522673
3.34 4.060570 -8.562925 2.791531
3.38 4.476555 -8.886615 3.818981
3.42 4.752472 -9.217295 4.254122
3.46 4.887571 -9.378332 4.321071
3.50 4.924835 -9.411127 4.327578
3.54 4.924835 -9.411127 4.327578
3.58 4.924835 -9.411127 4.327578
3.62 4.924835 -9.411127 4.327578
3.66 4.870713 -9.392260 4.305639
3.70 4.653018 -9.318674 4.248106
3.74 4.285853 -9.196872 4.187817
3.78 3.988121 -9.098559 4.152085
3.82 3.991882 -9.100536 4.168448
3.86 4.283780 -9.195984 4.229920
3.90 4.517794 -9.270588 4.253090
3.94 4.410613 -9.237345 4.204090
3.98 4.169274 -9.160508 4.154952
4.02 4.056259 -9.124400 4.131692
4.06 4.024543 -9.119232 4.088267
4.10 4.017733 -9.123527 4.038083
4.14 4.032297 -9.128464 4.014846
4.18 4.148558 -9.160021 4.078687
4.22 4.459417 -9.259876 4.227552
4.26 4.778580 -9.366925 4.322092
4.30 4.909723 -9.408227 4.331720
4.34 4.924835 -9.411127 4.327578
4.38 4.924835 -9.411127 4.327578
4.42 4.924835 -9.411127 4.327578
4.46 4.835981 -9.384798 4.271705
4.50 4.541496 -9.294056 4.120335
4.54 4.104121 -9.157648 3.966324
4.58 3.695503 -9.032209 3.897088
4.62 3.551090 -8.983617 3.955645
4.66 3.828136 -9.060756 4.114641
4.70 4.332387 -9.216793 4.246623
4.74 4.729973 -9.346116 4.305388
4.78 4.896365 -9.401407 4.324734
4.82 4.924835 -9.411127 4.327578
4.86 4.848823 -9.385089 4.302908
4.90 4.587347 -9.297162 4.239912
4.94 4.169625 -9.156750 4.167289
4.98 3.799444 -9.032655 4.116491
5.02 3.751091 -9.021661 4.138405
5.06 4.069902 -9.132470 4.220608
5.10 4.467489 -9.261793 4.279373
5.14 4.570162 -9.293374 4.286157
5.18 4.225632 -9.233695 4.108661
5.22 3.626619 -9.248507 3.570600
5.26 3.062335 -9.449326 2.764914
5.30 2.677491 -9.776269 1.923696
5.34 2.495089 -10.074608 1.316727
5.38 2.463210 -10.173981 1.019027
5.42 2.515809 -10.029821 0.754829
5.46 2.652438 -9.772431 0.389434
5.50 2.853082 -9.472735 -0.014441
5.54 3.089822 -9.142558 -0.099241
5.58 3.410037 -8.903828 0.555668
5.62 3.844749 -8.845154 1.731908
5.66 4.327086 -8.982889 3.028847
5.70 4.639103 -9.194661 3.974279
5.74 4.668577 -9.280980 4.242676
5.78 4.623938 -9.276778 4.218394
5.82 4.664013 -9.297236 4.239352
5.86 4.772633 -9.347871 4.284113
5.90 4.883007 -9.394588 4.317747
5.94 4.892603 -9.399430 4.308370
5.98 4.727220 -9.340536 4.252044
6.02 4.456148 -9.247767 4.198425
6.06 4.398323 -9.236232 4.230011
6.10 4.506416 -9.272148 4.251643
6.14 4.587280 -9.299231 4.268469
6.18 4.736338 -9.349058 4.298010
6.22 4.850536 -9.386678 4.317253
6.26 4.909145 -9.405922 4.325739
6.30 4.924835 -9.411127 4.327578
6.34 4.924835 -9.411127 4.327578
6.38 4.910026 -9.406739 4.318266
6.42 4.851331 -9.388428 4.287781
6.46 4.733059 -9.350989 4.234282
6.50 4.574473 -9.301084 4.169411
6.54 4.441564 -9.259413 4.124564
6.58 4.403724 -9.247977 4.122975
6.62 4.475212 -9.270575 4.161881
6.66 4.579577 -9.314393 4.183945
6.70 4.580240 -9.365912 4.087275
6.74 4.377485 -9.431235 3.788110
6.78 3.970833 -9.536048 3.265233
6.82 3.467203 -9.691722 2.609008
6.86 3.008999 -9.878353 1.972923
6.90 2.692618 -10.052467 1.490659
6.94 2.531012 -10.174509 1.213644
6.98 2.473824 -10.236937 1.098193
7.02 2.464043 -10.256861 1.070623
7.06 2.464674 -10.259185 1.069644
7.10 2.464674 -10.259185 1.069644
7.14 2.445082 -10.008196 1.215545
7.18 2.405899 -9.506218 1.507345
7.22 2.376512 -9.129734 1.726196
7.26 2.347125 -8.753250 1.945047
