time(s) roll yaw pitch frequence = 25
0.02 1.490545 -2.913329 3.912197
0.06 1.476850 -2.529297 4.136521
0.10 1.445872 -1.660652 4.643923
0.14 1.401174 -0.732222 5.185578
0.18 1.340605 -0.089878 5.558618
0.22 1.269721 0.273060 5.767277
0.26 1.194259 0.601886 5.955677
0.30 1.149669 0.796193 6.067004
0.34 1.209581 0.446284 5.957782
0.38 1.400614 -0.670434 5.609985
0.42 1.649135 -2.144267 5.167089
0.46 1.864773 -3.439275 4.790147
0.50 1.991046 -4.220497 4.579817
0.54 2.025942 -4.443627 4.524982
0.58 2.025942 -4.443627 4.524982
0.62 2.010209 -4.339535 4.548118
0.66 1.935982 -3.856176 4.660793
0.70 1.770377 -2.814726 4.928963
0.74 1.539006 -1.415627 5.329041
0.78 1.339100 -0.224710 5.682847
0.82 1.261443 0.273595 5.804087
0.86 1.313900 0.027243 5.681192
0.90 1.484940 -0.850641 5.406033
0.94 1.746314 -2.437301 4.893628
0.98 2.030487 -4.757479 3.980779
1.02 2.277381 -7.190139 2.872437
1.06 2.423799 -8.941979 1.824477
1.10 2.506858 -9.729767 0.959218
1.14 2.648650 -9.758484 0.395308
1.18 2.848191 -9.528788 0.011321
1.22 3.022708 -9.361877 -0.258297
1.26 3.126118 -9.242328 -0.377477
1.30 3.243242 -9.067300 -0.138561
1.34 3.525436 -8.895703 0.767302
1.38 3.952209 -8.864681 2.044513
1.42 4.401617 -9.025493 3.252034
1.46 4.649428 -9.237434 4.049585
1.50 4.483169 -9.255126 4.229013
1.54 4.049832 -9.116372 4.137156
1.58 3.551052 -9.033032 3.904300
1.62 3.081935 -9.127763 3.327243
1.66 2.786031 -9.357810 2.444418
1.70 2.671700 -9.560514 1.393773
1.74 2.706174 -9.603033 0.481315
1.78 2.887454 -9.421662 -0.072757
1.82 3.146000 -9.096729 -0.076223
1.86 3.478566 -8.840563 0.736561
1.90 3.903752 -8.788324 2.001365
1.94 4.353160 -8.949135 3.208886
1.98 4.710988 -9.213374 4.044625
2.02 4.887571 -9.378332 4.321071
2.06 4.924835 -9.411127 4.327578
2.10 4.924835 -9.411127 4.327578
2.14 4.924835 -9.411127 4.327578
2.18 4.924835 -9.411127 4.327578
2.22 4.841129 -9.386428 4.271754
2.26 4.512130 -9.364819 3.955194
2.30 3.933692 -9.391990 3.167582
2.34 3.310810 -9.414174 1.952258
2.38 2.937959 -9.415081 0.727313
2.42 2.945449 -9.386730 -0.031252
2.46 3.163110 -9.184277 -0.267102
2.50 3.253896 -9.106044 -0.006352
2.54 3.368779 -9.051241 0.316290
2.58 3.634011 -8.977048 1.058734
2.62 3.970750 -8.985905 2.012097
2.66 4.309411 -9.071836 2.954170
2.70 4.545759 -9.184652 3.677179
2.74 4.593041 -9.252570 4.073141
2.78 4.416608 -9.257998 4.152608
2.82 4.053887 -9.244354 3.948399
2.86 3.599843 -9.277018 3.488119
2.90 3.173337 -9.384369 2.812162
2.94 2.874116 -9.518179 2.010006
2.98 2.746740 -9.599332 1.216920
3.02 2.777614 -9.565127 0.575865
3.06 2.910726 -9.398630 0.197545
3.10 3.090421 -9.129780 0.157678
3.14 3.282728 -8.803841 0.486056
3.18 3.476995 -8.490479 1.127177
3.22 3.677151 -8.274163 1.939093
3.26 3.890590 -8.224617 2.736879
3.30 4.122921 -8.365005 3.378846
3.34 4.349770 -8.633447 3.814992
3.38 4.517089 -8.920561 4.069891
3.42 4.546763 -9.121481 4.173925
3.46 4.371504 -9.184096 4.130135
3.50 4.003570 -9.131387 3.938522
3.54 3.489911 -8.700152 3.743922
3.58 2.962884 -7.951564 3.631145
3.62 2.687463 -7.421392 3.624964
3.66 2.422716 -6.896623 3.605284
