time(s) roll yaw pitch frequence = 25
0.02 1.648357 -1.945430 5.080247
0.06 1.703421 -2.309750 4.999271
0.10 1.821417 -3.090437 4.825750
0.14 1.939412 -3.871123 4.652230
0.18 2.010209 -4.339535 4.548118
0.22 2.025942 -4.443627 4.524982
0.26 2.025942 -4.443627 4.524982
0.30 2.025942 -4.443627 4.524982
0.34 2.025942 -4.443627 4.524982
0.38 2.002343 -4.287489 4.559686
0.42 1.915813 -3.714986 4.686934
0.46 1.766352 -2.726116 4.906726
0.50 1.575136 -1.484224 5.198482
0.54 1.395810 -0.382987 5.500906
0.58 1.300591 0.138541 5.690205
0.62 1.280011 0.228220 5.741587
0.66 1.297161 0.153487 5.698769
0.70 1.341752 -0.040819 5.587441
0.74 1.382913 -0.220179 5.484678
0.78 1.396633 -0.279965 5.450423
0.82 1.396633 -0.279965 5.450423
0.86 1.396633 -0.279965 5.450423
0.90 1.396633 -0.279965 5.450423
0.94 1.393203 -0.265019 5.458987
0.98 1.369193 -0.160392 5.518932
1.02 1.310882 0.093701 5.664514
1.06 1.242280 0.392633 5.835786
1.10 1.207980 0.542100 5.921423
1.14 1.231990 0.437473 5.861477
1.18 1.286871 0.198327 5.724459
1.22 1.310882 0.093701 5.664514
1.26 1.293731 0.168434 5.707332
1.30 1.280011 0.228220 5.741587
1.34 1.297161 0.153487 5.698769
1.38 1.341752 -0.040819 5.587441
1.42 1.382913 -0.220179 5.484678
1.46 1.396633 -0.279965 5.450423
1.50 1.382913 -0.220179 5.484678
1.54 1.352042 -0.085659 5.561751
1.58 1.328032 0.018967 5.621696
1.62 1.329038 -0.003185 5.627255
1.66 1.404683 -0.457185 5.494897
1.70 1.576142 -1.506376 5.204041
1.74 1.849911 -2.898692 4.903604
1.78 2.347670 -4.543181 4.665228
1.82 3.065306 -6.270064 4.476169
1.86 3.712185 -7.733018 4.335108
1.90 3.970876 -8.675895 4.225973
1.94 3.874225 -9.006346 4.150866
1.98 3.809984 -9.038902 4.139726
2.02 4.029630 -9.110290 4.192891
2.06 4.438821 -9.250352 4.269770
2.10 4.778580 -9.366925 4.322092
2.14 4.909723 -9.408227 4.331720
2.18 4.924835 -9.411127 4.327578
2.22 4.924835 -9.411127 4.327578
2.26 4.924835 -9.411127 4.327578
2.30 4.924835 -9.411127 4.327578
2.34 4.924835 -9.411127 4.327578
2.38 4.924835 -9.411127 4.327578
2.42 4.924835 -9.411127 4.327578
2.46 4.924835 -9.411127 4.327578
2.50 4.924835 -9.411127 4.327578
2.54 4.830694 -9.379896 4.316540
2.58 4.499259 -9.279927 4.210548
2.62 3.956520 -9.226334 3.832313
2.66 3.339519 -9.371725 3.115037
2.70 2.827612 -9.664152 2.249578
2.74 2.561071 -9.976837 1.532577
2.78 2.479777 -10.193265 1.158343
2.82 2.453781 -10.240822 1.048718
2.86 2.464123 -10.145729 0.919296
2.90 2.558142 -9.940162 0.617819
2.94 2.724767 -9.678236 0.228619
2.98 2.927330 -9.450357 -0.110459
3.02 3.091597 -9.323409 -0.305365
3.06 3.147140 -9.291247 -0.357412
3.10 3.152032 -9.235193 -0.383173
3.14 3.214254 -9.071928 -0.198356
3.18 3.435951 -8.896694 0.549972
3.22 3.844749 -8.845154 1.731908
3.26 4.327086 -8.982889 3.028847
3.30 4.707648 -9.224839 3.998082
3.34 4.887571 -9.378332 4.321071
3.38 4.924835 -9.411127 4.327578
3.42 4.924835 -9.411127 4.327578
3.46 4.924835 -9.411127 4.327578
3.50 4.924835 -9.411127 4.327578
3.54 4.924835 -9.411127 4.327578
3.58 4.924835 -9.411127 4.327578
3.62 4.924835 -9.411127 4.327578
3.66 4.911477 -9.404307 4.320592
3.70 4.790391 -9.366282 4.245511
3.74 4.481309 -9.279168 4.074065
3.78 4.172973 -9.191739 3.928473
3.82 4.117097 -9.176791 3.917662
3.86 4.597347 -9.315041 4.188162
3.90 4.679219 -9.339063 4.223016
3.94 4.749552 -9.359456 4.254904
3.98 4.860724 -9.391414 4.304364
4.02 4.887279 -9.397689 4.318824
4.06 4.818141 -9.374155 4.311428
4.10 4.663465 -9.323240 4.294195
4.14 4.463621 -9.258213 4.273335
4.18 4.299902 -9.205216 4.256630
4.22 4.257251 -9.191587 4.252313
4.26 4.357559 -9.224496 4.263116
4.30 4.547588 -9.286650 4.283755
4.34 4.726705 -9.345505 4.304155
4.38 4.806611 -9.371876 4.313771
4.42 4.736051 -9.357494 4.282785
4.46 4.489281 -9.324021 4.145056
4.50 4.089450 -9.320649 3.829225
4.54 3.605978 -9.398286 3.306812
4.58 3.140645 -9.570147 2.648862
4.62 2.788624 -9.798085 2.002898
4.66 2.581177 -10.013963 1.506154
4.70 2.493030 -10.162761 1.219147
4.74 2.468251 -10.235302 1.100028
4.78 2.464043 -10.256861 1.070623
4.82 2.464674 -10.259185 1.069644
4.86 2.464674 -10.259185 1.069644
4.90 2.464674 -10.259185 1.069644
4.94 2.416171 -9.825947 1.262168
4.98 2.319164 -8.959470 1.647214
5.02 2.246408 -8.309612 1.935999
5.06 2.173653 -7.659754 2.224784
